delay = 0.054
two
seq0

loop=9

1 0 1 0 0 0 0 0
2 0 0 0 0 0 0 0
3 0 0 0 0 0 0 0
4 0 0 0 0 0 0 0
5 0 0 0 0 0 0 0
0 0 0 0 0 0 0 0
0 0 0 0 0 0 1 0
0 0 0 0 0 0 0 0
0 0 0 0 0 0 0 0
0 0 0 0 0 0 0 0
0 0 0 0 0 0 0 0
0 0 0 0 0 0 0 0
0 0 1 0 0 0 0 0
0 0 0 0 0 0 0 0
0 0 0 0 0 0 0 0
0 0 0 0 0 0 0 0
0 0 0 0 0 0 0 0
0 0 0 0 0 0 0 0
0 0 0 0 0 0 1 0
0 0 0 0 0 0 0 0
0 0 0 0 0 0 0 0
0 0 0 0 0 0 0 0
0 0 0 0 0 0 0 0
0 0 0 0 0 0 0 0
0 0 1 0 0 0 0 0
0 0 0 0 0 0 0 0
0 0 0 0 0 0 0 0
0 0 0 0 0 0 0 0
0 0 0 0 0 0 0 0
0 0 0 0 0 0 0 0
0 0 0 0 0 0 1 0
0 0 0 0 0 0 0 0
0 0 0 0 0 0 0 0
0 0 0 0 0 0 0 0
0 0 0 0 0 0 0 0
0 0 0 0 0 0 0 0
0 0 1 0 0 0 0 0
0 0 0 0 0 0 0 0
0 0 0 0 0 0 0 0
0 0 0 0 0 0 0 0
0 0 0 0 0 0 0 0
0 0 0 0 0 0 0 0
0 0 0 0 0 0 1 0
0 0 0 0 0 0 0 0
0 0 0 0 0 0 0 0
0 0 0 0 0 0 0 0
0 0 0 0 0 0 0 0
0 0 0 0 0 0 0 0


seq1
loop=20
9 0 1 0 9 0 0 0
9 0 0 0 9 0 0 0
9 0 0 0 9 0 0 0
9 0 0 0 9 0 0 0
9 0 0 0 9 0 0 0
9 0 0 0 9 0 0 0
9 0 0 0 9 0 1 0
9 0 0 0 9 0 0 0
0 0 0 0 0 0 0 0
0 0 0 0 0 0 0 0
0 0 0 0 0 0 0 0
0 0 0 0 0 0 0 0
0 0 1 0 0 0 0 0
0 0 0 0 0 0 0 0
0 0 0 0 0 0 0 0
0 0 0 0 0 0 0 0
9 0 0 0 9 0 0 0
9 0 0 0 9 0 0 0
9 0 0 0 9 0 1 0
9 0 0 0 9 0 0 0
9 0 0 0 9 0 0 0
9 0 0 0 9 0 0 0
9 0 0 0 9 0 0 0
9 0 0 0 9 0 0 0
0 0 1 0 0 0 0 0
0 0 0 0 0 0 0 0
0 0 0 0 0 0 0 0
0 0 0 0 0 0 0 0
0 0 0 0 0 0 0 0
0 0 0 0 0 0 0 0
0 0 0 0 0 0 1 0
0 0 0 0 0 0 0 0
9 0 0 0 9 0 0 0
9 0 0 0 9 0 0 0
9 0 0 0 9 0 0 0
9 0 0 0 9 0 0 0
9 0 1 0 9 0 0 0
9 0 0 0 9 0 0 0
9 0 0 0 9 0 0 0
9 0 0 0 9 0 0 0
0 0 0 0 0 0 0 0
0 0 0 0 0 0 0 0
0 0 0 0 0 0 1 0
0 0 0 0 0 0 0 0
0 0 0 0 0 0 0 0
0 0 0 0 0 0 0 0
0 0 0 0 0 0 0 0
0 0 0 0 0 0 0 0


seq2
loop=10

9 0 1 0 9 0 0 0
9 0 0 4 9 0 0 1
9 0 0 0 9 0 0 0
9 0 0 1 9 0 0 4
9 0 0 0 9 0 0 0
9 0 0 0 9 0 0 0
9 0 0 0 9 0 1 0
9 0 0 4 9 0 0 1
0 0 0 0 0 0 0 0
0 0 0 1 0 0 0 4
0 0 0 0 0 0 0 0
0 0 0 0 0 0 0 0
0 0 1 0 0 0 0 0
0 0 0 0 0 0 0 0
0 0 0 0 0 0 0 0
0 0 0 0 0 0 0 0
9 0 0 0 9 0 0 0
9 0 0 0 9 0 0 0
9 0 0 0 9 0 1 0
9 0 0 0 9 0 0 0
9 0 0 0 9 0 0 0
9 0 0 0 9 0 0 0
9 0 0 0 9 0 0 0
9 0 0 0 9 0 0 0
0 0 1 0 0 0 0 0
0 0 0 0 0 0 0 0
0 0 0 0 0 0 0 0
0 0 0 0 0 0 0 0
0 0 0 0 0 0 0 0
0 0 0 0 0 0 0 0
0 0 0 0 0 0 1 0
0 0 0 0 0 0 0 0
9 0 0 0 9 0 0 0
9 0 0 0 9 0 0 0
9 0 0 0 9 0 0 0
9 0 0 0 9 0 0 0
9 0 1 0 9 0 0 0
9 0 0 0 9 0 0 0
9 0 0 0 9 0 0 0
9 0 0 0 9 0 0 0
0 0 0 0 0 0 0 0
0 0 0 0 0 0 0 0
0 0 0 0 0 0 1 0
0 0 0 0 0 0 0 0
0 0 0 0 0 0 0 0
0 0 0 0 0 0 0 0
0 0 0 0 0 0 0 0
0 0 0 0 0 0 0 0



seq3 bass comes in

loop=19
9 0 1 0 9 0 0 0
9 0 0 4 9 0 0 1
9 0 0 0 9 0 0 0
9 0 0 1 9 0 0 4
9 0 0 0 9 0 0 0
9 0 0 0 9 0 0 0
9 0 0 0 9 0 1 0
9 0 0 0 9 0 0 0
0 0 0 4 0 0 0 1
0 0 0 0 0 0 0 0
0 0 0 1 0 0 0 4
0 0 0 0 0 0 0 0
0 0 1 0 0 0 0 0
0 0 0 0 0 0 0 0
0 0 0 5 0 0 0 5
0 0 0 0 0 0 0 0
9 0 0 0 9 0 0 0
9 0 0 0 9 0 0 0
9 0 0 0 9 0 1 0
9 0 0 0 9 0 0 0
9 0 0 5 9 0 0 5
9 0 0 4 9 0 0 4
9 0 0 3 9 0 0 3
9 0 0 0 9 0 0 0
0 0 1 0 0 0 0 0
0 0 0 0 0 0 0 0
0 0 0 0 0 0 0 0
0 0 0 0 0 0 0 0
0 0 0 0 0 0 0 0
0 0 0 0 0 0 0 0
0 0 0 0 0 0 1 0
0 0 0 0 0 0 0 0
9 0 0 0 9 0 0 0
9 0 0 5 9 0 0 5
9 0 0 0 9 0 0 0
9 0 0 4 9 0 0 4
9 0 1 3 9 0 0 3
9 0 0 2 9 0 0 2
9 0 0 1 9 0 0 1
9 0 0 2 9 0 0 2
0 0 0 0 0 0 0 0
0 0 0 0 0 0 0 0
0 0 0 0 0 0 1 0
0 0 0 0 0 0 0 0
0 0 0 1 0 0 0 1
0 0 0 0 0 0 0 0
0 0 0 0 0 0 0 0
0 0 0 0 0 0 0 0


seq4 just kick and bass

loop=8
9 0 0 0 9 0 0 0
9 0 0 4 9 0 0 1
9 0 0 0 9 0 0 0
9 0 0 1 9 0 0 4
9 0 0 0 9 0 0 0
9 0 0 0 9 0 0 0
9 0 0 0 9 0 0 0
9 0 0 0 9 0 0 0
0 0 0 4 0 0 0 1
0 0 0 0 0 0 0 0
0 0 0 1 0 0 0 4
0 0 0 0 0 0 0 0
0 0 0 0 0 0 0 0
0 0 0 0 0 0 0 0
0 0 0 5 0 0 0 5
0 0 0 0 0 0 0 0
9 0 0 0 9 0 0 0
9 0 0 0 9 0 0 0
9 0 0 0 9 0 0 0
9 0 0 0 9 0 0 0
9 0 0 5 9 0 0 5
9 0 0 4 9 0 0 4
9 0 0 3 9 0 0 3
9 0 0 0 9 0 0 0
0 0 0 0 0 0 0 0
0 0 0 0 0 0 0 0
0 0 0 0 0 0 0 0
0 0 0 0 0 0 0 0
0 0 0 0 0 0 0 0
0 0 0 0 0 0 0 0
0 0 0 0 0 0 0 0
0 0 0 0 0 0 0 0
9 0 0 0 9 0 0 0
9 0 0 5 9 0 0 5
9 0 0 0 9 0 0 0
9 0 0 4 9 0 0 4
9 0 0 3 9 0 0 3
9 0 0 2 9 0 0 2
9 0 0 1 9 0 0 1
9 0 0 2 9 0 0 2
0 0 0 0 0 0 0 0
0 0 0 0 0 0 0 0
0 0 0 0 0 0 0 0
0 0 0 0 0 0 0 0
0 0 0 1 0 0 0 1
0 0 0 0 0 0 0 0
0 0 0 0 0 0 0 0
0 0 0 0 0 0 0 0


seq5

loop=21
9 0 0 0 9 0 0 0
9 0 0 4 9 0 0 1
9 0 0 0 9 0 0 0
9 0 0 1 9 0 0 4
9 0 0 0 9 0 0 0
9 0 0 0 9 0 0 0
9 0 0 0 9 0 0 0
9 3 0 0 9 0 0 0
0 0 0 4 0 3 0 1
0 0 0 0 0 0 0 0
0 0 0 1 0 0 0 4
0 0 0 0 0 0 0 0
0 0 0 0 0 0 0 0
0 0 0 0 0 0 0 0
0 0 0 5 0 0 0 5
0 0 0 0 0 0 0 0
9 0 0 0 9 0 0 0
9 0 0 0 9 0 0 0
9 0 0 0 9 0 0 0
9 0 0 0 9 0 0 0
9 0 0 5 9 0 0 5
9 0 0 4 9 0 0 4
9 0 0 3 9 0 0 3
9 0 0 0 9 0 0 0
0 0 0 0 0 0 0 0
0 0 0 0 0 0 0 0
0 0 0 0 0 0 0 0
0 0 0 0 0 0 0 0
0 0 0 0 0 0 0 0
0 0 0 0 0 0 0 0
0 0 0 0 0 0 0 0
0 0 0 0 0 0 0 0
9 0 0 0 9 0 0 0
9 0 0 5 9 0 0 5
9 0 0 0 9 0 0 0
9 0 0 4 9 0 0 4
9 0 0 3 9 0 0 3
9 0 0 2 9 0 0 2
9 0 0 1 9 0 0 1
9 0 0 2 9 0 0 2
0 0 0 0 0 0 0 0
0 0 0 0 0 0 0 0
0 0 0 0 0 0 0 0
0 0 0 0 0 0 0 0
0 0 0 1 0 0 0 1
0 0 0 0 0 0 0 0
0 0 0 0 0 0 0 0
0 0 0 0 0 0 0 0



seq6
loop=4

0 0 0 0 0 0 0 0
0 0 0 4 0 0 0 1
0 0 0 0 0 0 0 0
0 0 0 1 0 0 0 4
0 0 0 0 0 0 0 0
0 0 0 0 0 0 0 0
0 0 0 0 0 0 0 0
0 3 0 0 0 0 0 0
0 0 0 4 0 3 0 1
0 0 0 0 0 0 0 0
0 0 0 1 0 0 0 4
0 0 0 0 0 0 0 0
0 0 0 0 0 0 0 0
0 0 0 0 0 0 0 0
0 0 0 5 0 0 0 5
0 0 0 0 0 0 0 0
0 0 0 0 0 0 0 0
0 0 0 0 0 0 0 0
0 0 0 0 0 0 0 0
0 0 0 0 0 0 0 0
0 0 0 5 0 0 0 5
0 0 0 4 0 0 0 4
0 0 0 3 0 0 0 3
0 0 0 0 0 0 0 0
0 0 0 0 0 0 0 0
0 0 0 0 0 0 0 0
0 0 0 0 0 0 0 0
0 0 0 0 0 0 0 0
0 0 0 0 0 0 0 0
0 0 0 0 0 0 0 0
0 0 0 0 0 0 0 0
0 0 0 0 0 0 0 0
0 0 0 0 0 0 0 0
0 0 0 5 0 0 0 5
0 0 0 0 0 0 0 0
0 0 0 4 0 0 0 4
0 0 0 3 0 0 0 3
0 0 0 2 0 0 0 2
0 0 0 1 0 0 0 1
0 0 0 2 0 0 0 2
0 0 0 0 0 0 0 0
0 0 0 0 0 0 0 0
0 0 0 0 0 0 0 0
0 0 0 0 0 0 0 0
0 0 0 1 0 0 0 1
0 0 0 0 0 0 0 0
0 0 0 0 0 0 0 0
0 0 0 0 0 0 0 0


seq7
loop=1

0 0 0 0 0 0 0 0
0 0 0 0 0 0 0 0
0 0 0 0 0 0 0 0
0 0 0 0 0 0 0 0
0 0 0 0 0 0 0 0
0 0 0 0 0 0 0 0
0 0 0 0 0 0 0 0
0 3 0 0 0 0 0 0
0 0 0 0 0 3 0 0
0 0 0 0 0 0 0 0
0 0 0 0 0 0 0 0
0 0 0 0 0 0 0 0
0 0 0 0 0 0 0 0
0 0 0 0 0 0 0 0
0 0 0 0 0 0 0 0
0 3 0 0 0 0 0 0
0 0 0 0 0 3 0 0
0 0 0 0 0 0 0 0
0 0 0 0 0 0 0 0
0 0 0 0 0 0 0 0
0 0 0 0 0 0 0 0
0 0 0 0 0 0 0 0
0 0 0 0 0 0 0 0
0 0 0 0 0 0 0 0
0 3 0 0 0 0 0 0
0 0 0 0 0 3 0 0
0 0 0 0 0 0 0 0
0 0 0 0 0 0 0 0
0 0 0 0 0 0 0 0
0 0 0 0 0 0 0 0
0 0 0 0 0 0 0 0
0 0 0 0 0 0 0 0
0 1 0 0 0 0 0 0
0 2 0 0 0 1 0 0
0 3 0 0 0 2 0 0
0 4 0 0 0 3 0 0
0 5 0 0 0 4 0 0
0 6 0 0 0 5 0 0
0 7 0 0 0 6 0 0
0 8 0 0 0 7 0 0
0 7 0 0 0 8 0 0
0 6 0 0 0 7 0 0
0 5 0 0 0 6 0 0
0 4 0 0 0 5 0 0
0 3 0 0 0 4 0 0
0 2 0 0 0 3 0 0
0 1 0 0 0 2 0 0
0 0 0 0 0 1 0 0


seq8
loop=22

9 3 1 0 9 0 0 0
9 0 0 4 9 3 0 1
9 3 0 0 9 0 0 0
9 0 0 1 9 3 0 4
9 0 0 0 9 0 0 0
9 0 0 0 9 0 0 0
9 0 0 0 9 0 1 0
9 3 0 0 9 0 0 0
0 0 0 4 0 3 0 1
0 0 0 0 0 0 0 0
0 0 0 1 0 0 0 4
0 0 0 0 0 0 0 0
0 0 1 0 0 0 0 0
0 0 0 0 0 0 0 0
0 0 0 5 0 0 0 5
0 0 0 0 0 0 0 0
9 3 0 0 9 0 0 0
9 0 0 0 9 3 0 0
9 3 0 0 9 0 1 0
9 0 0 0 9 3 0 0
9 0 0 5 9 0 0 5
9 0 0 4 9 0 0 4
9 0 0 3 9 0 0 3
9 0 0 0 9 0 0 0
0 2 1 0 0 0 0 0
0 3 0 0 0 2 0 0
0 4 0 0 0 3 0 0
0 5 0 0 0 4 0 0
0 6 0 0 0 5 0 0
0 7 0 0 0 6 0 0
0 8 0 0 0 7 1 0
0 0 0 0 0 8 0 0
9 0 0 0 9 0 0 0
9 0 0 5 9 0 0 5
9 0 0 0 9 0 0 0
9 0 0 4 9 0 0 4
9 0 1 3 9 0 0 3
9 0 0 2 9 0 0 2
9 0 0 1 9 0 0 1
9 0 0 2 9 0 0 2
0 0 0 0 0 0 0 0
0 0 0 0 0 0 0 0
0 0 0 0 0 0 1 0
0 0 0 0 0 0 0 0
0 8 0 1 0 0 0 1
0 0 0 0 0 8 0 0
0 0 0 0 0 0 0 0
0 0 0 0 0 0 0 0



seq9
loop=20

9 3 1 0 9 0 0 0
9 0 0 4 9 3 0 1
9 3 0 0 9 0 0 0
9 0 0 1 9 3 0 4
9 0 0 0 9 0 0 0
9 0 0 0 9 0 0 0
9 0 0 0 9 0 1 0
9 3 0 0 9 0 0 0
0 0 0 4 0 3 0 1
0 0 0 0 0 0 0 0
0 0 0 1 0 0 0 4
0 0 0 0 0 0 0 0
0 0 1 0 0 0 0 0
0 0 0 0 0 0 0 0
0 0 0 5 0 0 0 5
0 0 0 0 0 0 0 0
9 3 0 0 9 0 0 0
9 0 0 0 9 3 0 0
9 3 0 0 9 0 1 0
9 0 0 0 9 3 0 0
9 0 0 5 9 0 0 5
9 0 0 4 9 0 0 4
9 0 0 3 9 0 0 3
9 0 0 0 9 0 0 0
0 0 1 0 0 0 0 0
0 0 0 0 0 0 0 0
0 0 0 0 0 0 0 0
0 0 0 0 0 0 0 0
0 0 0 0 0 0 0 0
0 0 0 0 0 0 0 0
0 0 0 0 0 0 1 0
0 0 0 0 0 0 0 0
9 0 0 0 9 0 0 0
9 0 0 5 9 0 0 5
9 0 0 0 9 0 0 0
9 0 0 4 9 0 0 4
9 0 1 3 9 0 0 3
9 0 0 2 9 0 0 2
9 0 0 1 9 0 0 1
9 0 0 2 9 0 0 2
0 0 0 0 0 0 0 0
0 0 0 0 0 0 0 0
0 0 0 0 0 0 1 0
0 0 0 0 0 0 0 0
0 8 0 1 0 0 0 1
0 0 0 0 0 8 0 0
0 0 0 0 0 0 0 0
0 0 0 0 0 0 0 0



seq10
loop=17

9 3 0 0 9 0 0 0
9 0 0 4 9 3 0 1
9 3 0 0 9 0 0 0
9 0 0 1 9 3 0 4
9 0 0 0 9 0 0 0
9 0 0 0 9 0 0 0
9 0 0 0 9 0 0 0
9 3 0 0 9 0 0 0
0 0 0 4 0 3 0 1
0 0 0 0 0 0 0 0
0 0 0 1 0 0 0 4
0 0 0 0 0 0 0 0
0 0 0 0 0 0 0 0
0 0 0 0 0 0 0 0
0 0 0 5 0 0 0 5
0 0 0 0 0 0 0 0
9 3 0 0 9 0 0 0
9 0 0 0 9 3 0 0
9 3 0 0 9 0 0 0
9 0 0 0 9 3 0 0
9 0 0 5 9 0 0 5
9 0 0 4 9 0 0 4
9 0 0 3 9 0 0 3
9 0 0 0 9 0 0 0
0 0 0 0 0 0 0 0
0 0 0 0 0 0 0 0
0 0 0 0 0 0 0 0
0 0 0 0 0 0 0 0
0 0 0 0 0 0 0 0
0 0 0 0 0 0 0 0
0 0 0 0 0 0 0 0
0 0 0 0 0 0 0 0
9 0 0 0 9 0 0 0
9 0 0 5 9 0 0 5
9 0 0 0 9 0 0 0
9 0 0 4 9 0 0 4
9 0 0 3 9 0 0 3
9 0 0 2 9 0 0 2
9 0 0 1 9 0 0 1
9 0 0 2 9 0 0 2
0 0 0 0 0 0 0 0
0 0 0 0 0 0 0 0
0 0 0 0 0 0 0 0
0 0 0 0 0 0 0 0
0 8 0 1 0 0 0 1
0 0 0 0 0 8 0 0
0 0 0 0 0 0 0 0
0 0 0 0 0 0 0 0








seq11   Times Sq
loop=13

0 0 1 0 0 0 3 0
0 0 2 0 0 0 2 0
0 0 3 0 0 0 1 0
0 0 0 4 0 0 0 6
0 0 0 5 0 0 0 5
0 0 0 6 0 0 0 4
0 0 0 0 0 0 0 0
0 0 0 0 0 0 0 0
0 0 0 0 0 0 0 0
0 0 0 0 0 0 0 0
0 0 0 0 0 0 0 0
0 0 0 0 0 0 0 0
0 0 0 0 0 0 0 0
0 0 0 0 0 0 0 0
0 0 0 0 0 0 0 0
0 0 0 0 0 0 0 0
0 0 0 0 0 0 0 0
0 0 0 0 0 0 0 0
0 0 0 0 0 0 0 0
0 0 0 0 0 0 0 0
0 0 0 0 0 0 0 0
0 0 0 0 0 0 0 0
0 0 0 0 0 0 0 0
0 0 1 0 0 0 3 0
0 0 2 0 0 0 2 0
0 0 3 0 0 0 1 0
0 0 0 4 0 0 0 6
0 0 0 5 0 0 0 5
0 0 0 6 0 0 0 4
0 0 0 0 0 0 0 0
0 0 0 0 0 0 0 0
0 0 0 0 0 0 0 0
0 0 0 0 0 0 0 0
0 0 0 0 0 0 0 0
0 0 0 0 0 0 0 0
0 0 0 0 0 0 0 0
0 0 0 0 0 0 0 0
0 0 0 0 0 0 0 0
0 0 0 0 0 0 0 0
0 0 0 0 0 0 0 0
0 0 0 0 0 0 0 0
0 0 0 0 0 0 0 0
0 0 0 0 0 0 0 0
0 0 0 0 0 0 0 0
0 0 0 0 0 0 0 0
0 0 0 0 0 0 0 0
0 0 0 0 0 0 0 0
0 0 0 0 0 0 0 0


seq12
loop=12

0 0 1 0 0 0 3 0
0 0 2 0 0 0 2 0
0 0 3 0 0 0 1 0
0 0 0 4 0 0 0 6
0 0 0 5 0 0 0 5
0 0 0 6 0 0 0 4
5 0 0 0 0 0 0 0
5 0 0 0 0 0 0 0
5 0 0 0 0 0 0 0
0 0 0 0 5 0 0 0
0 0 0 0 5 0 0 0
0 0 0 0 5 0 0 0
0 0 0 0 0 0 0 0
0 0 0 0 0 0 0 0
0 0 0 0 0 0 0 0
0 0 0 0 0 0 0 0
0 0 0 0 0 0 0 0
0 0 0 0 0 0 0 0
0 0 0 0 0 0 0 0
0 0 0 0 0 0 0 0
0 0 0 0 0 0 0 0
0 0 0 0 0 0 0 0
0 0 0 0 0 0 0 0
0 0 1 0 0 0 3 0
0 0 2 0 0 0 2 0
0 0 3 0 0 0 1 0
0 0 0 4 0 0 0 6
0 0 0 5 0 0 0 5
0 0 0 6 0 0 0 4
5 0 0 0 0 0 0 0
5 0 0 0 0 0 0 0
5 0 0 0 0 0 0 0
0 0 0 0 5 0 0 0
0 0 0 0 5 0 0 0
0 0 0 0 5 0 0 0
0 0 0 0 0 0 0 0
0 0 0 0 0 0 0 0
0 0 0 0 0 0 0 0
0 0 0 0 0 0 0 0
0 0 0 0 0 0 0 0
0 0 0 0 0 0 0 0
0 0 0 0 0 0 0 0
0 0 0 0 0 0 0 0
0 0 0 0 0 0 0 0
0 0 0 0 0 0 0 0
0 0 0 0 0 0 0 0
0 0 0 0 0 0 0 0
0 0 0 0 0 0 0 0


seq13
loop=5

0 0 1 0 0 0 3 0
0 0 2 0 0 0 2 0
0 0 3 0 0 0 1 0
0 0 0 4 0 0 0 6
0 0 0 5 0 0 0 5
0 0 0 6 0 0 0 4
0 0 0 0 0 0 0 0
0 0 0 0 0 0 0 0
0 0 0 0 0 0 0 0
0 0 0 0 0 0 0 0
0 0 0 0 0 0 0 0
0 0 0 0 0 0 0 0
0 3 0 0 0 0 0 0
0 0 0 0 0 3 0 0
0 0 0 0 0 0 0 0
0 0 0 0 0 0 0 0
0 0 0 0 0 0 0 0
0 0 0 0 0 0 0 0
0 0 0 0 0 0 0 0
0 0 0 0 0 0 0 0
0 0 0 0 0 0 0 0
0 0 0 0 0 0 0 0
0 0 0 0 0 0 0 0
0 0 1 0 0 0 3 0
0 0 2 0 0 0 2 0
0 0 3 0 0 0 1 0
0 0 0 4 0 0 0 6
0 0 0 5 0 0 0 5
0 0 0 6 0 0 0 4
0 0 0 0 0 0 0 0
0 0 0 0 0 0 0 0
0 0 0 0 0 0 0 0
0 0 0 0 0 0 0 0
0 0 0 0 0 0 0 0
0 0 0 0 0 0 0 0
0 3 0 0 0 0 0 0
0 0 0 0 0 3 0 0
0 0 0 0 0 0 0 0
0 0 0 0 0 0 0 0
0 0 0 0 0 0 0 0
0 0 0 0 0 0 0 0
0 0 0 0 0 0 0 0
0 0 0 0 0 0 0 0
0 0 0 0 0 0 0 0
0 0 0 0 0 0 0 0
0 0 0 0 0 0 0 0
0 0 0 0 0 0 0 0
0 0 0 0 0 0 0 0


seq14
loop=33

9 0 1 0 9 0 3 0
9 0 2 0 9 0 2 0
9 0 3 0 9 0 1 0
9 0 0 4 9 0 0 6
9 0 0 5 9 0 0 5
9 0 0 6 9 0 0 4
5 0 0 0 0 0 0 0
5 0 0 0 0 0 0 0
5 0 0 0 0 0 0 0
0 0 0 0 5 0 0 0
0 0 0 0 5 0 0 0
0 0 0 0 5 0 0 0
0 3 0 0 0 0 0 0
0 0 0 0 0 3 0 0
0 0 0 0 0 0 0 0
0 0 0 0 0 0 0 0
9 0 0 0 9 0 0 0
9 0 0 0 9 0 0 0
9 0 0 0 9 0 0 0
9 0 0 0 9 0 0 0
9 0 0 0 9 0 0 0
9 0 0 0 9 0 0 0
9 0 0 0 9 0 0 0
9 0 1 0 9 0 3 0
0 0 2 0 0 0 2 0
0 0 3 0 0 0 1 0
0 0 0 4 0 0 0 6
0 0 0 5 0 0 0 5
0 0 0 6 0 0 0 4
5 0 0 0 0 0 0 0
5 0 0 0 0 0 0 0
5 0 0 0 0 0 0 0
9 0 0 0 5 0 0 0
9 0 0 0 5 0 0 0
9 0 0 0 5 0 0 0
9 3 0 0 9 0 0 0
9 0 0 0 9 3 0 0
9 0 0 0 9 0 0 0
9 0 0 0 9 0 0 0
9 0 0 0 9 0 0 0
9 0 0 0 9 0 0 0
9 0 0 0 9 0 0 0
9 0 0 0 9 0 0 0
9 0 0 0 9 0 0 0
0 0 0 0 0 0 0 0
0 0 0 0 0 0 0 0
0 0 0 0 0 0 0 0
0 0 0 0 0 0 0 0


seq15 total reds
loop=10

0 0 1 0 9 0 3 0
0 0 2 0 9 0 2 0
0 0 3 0 9 0 1 0
0 0 0 4 9 0 0 6
0 0 0 5 9 0 0 5
0 0 0 6 9 0 0 4
5 0 0 0 0 0 0 0
5 0 0 0 0 0 0 0
5 0 0 0 0 0 0 0
0 0 0 0 5 0 0 0
0 0 0 0 5 0 0 0
0 0 0 0 5 0 0 0
0 3 0 0 0 0 0 0
0 0 0 0 0 3 0 0
0 0 0 0 0 0 0 0
0 0 0 0 0 0 0 0
9 0 0 0 9 0 0 0
9 0 0 0 9 0 0 0
9 0 0 0 9 0 0 0
9 0 0 0 9 0 0 0
9 0 0 0 9 0 0 0
9 0 0 0 9 0 0 0
9 0 0 0 9 0 0 0
9 0 1 0 9 0 3 0
0 0 2 0 0 0 2 0
0 0 3 0 0 0 1 0
0 0 0 4 0 0 0 0
0 0 0 5 0 0 0 5
0 0 0 6 0 0 0 4
5 0 0 0 0 0 0 0
5 0 0 0 0 0 0 0
5 0 0 0 0 0 0 0
0 0 0 0 5 0 0 0
0 0 0 0 5 0 0 0
0 0 0 0 5 0 0 0
0 3 0 0 0 0 0 0
0 0 0 0 0 3 0 0
0 0 0 0 0 0 0 0
0 0 0 0 0 0 0 0
0 0 0 0 0 0 0 0
0 0 0 0 0 0 0 0
0 0 0 0 0 0 0 0
0 0 0 0 0 0 0 0
0 0 0 0 0 0 0 0
0 0 0 0 0 0 0 0
0 0 0 0 0 0 0 0
0 0 0 0 0 0 0 0
0 0 0 0 0 0 0 0


seq16
loop=5

0 0 1 0 0 0 3 0
0 0 2 0 0 0 2 0
0 0 3 0 0 0 1 0
0 0 0 0 0 0 0 0
0 0 0 0 0 0 0 0
0 0 0 0 0 0 0 0
5 0 0 0 0 0 0 0
5 0 0 0 0 0 0 0
5 0 0 0 0 0 0 0
0 0 0 0 5 0 0 0
0 0 0 0 5 0 0 0
0 0 0 0 5 0 0 0
0 3 0 0 0 0 0 0
0 0 0 0 0 3 0 0
0 0 0 0 0 0 0 0
0 0 0 0 0 0 0 0
0 0 0 0 0 0 0 0
0 0 0 0 0 0 0 0
0 0 0 0 0 0 0 0
0 0 0 0 0 0 0 0
0 0 0 0 0 0 0 0
0 0 0 0 0 0 0 0
0 0 0 0 0 0 0 0
0 0 1 0 0 0 3 0
0 0 2 0 0 0 2 0
0 0 3 0 0 0 1 0
0 0 0 0 0 0 0 0
0 0 0 0 0 0 0 0
0 0 0 0 0 0 0 0
5 0 0 0 0 0 0 0
5 0 0 0 0 0 0 0
5 0 0 0 0 0 0 0
0 0 0 0 5 0 0 0
0 0 0 0 5 0 0 0
0 0 0 0 5 0 0 0
0 3 0 0 0 0 0 0
0 0 0 0 0 3 0 0
0 0 0 0 0 0 0 0
0 0 0 0 0 0 0 0
0 0 0 0 0 0 0 0
0 0 0 0 0 0 0 0
0 0 0 0 0 0 0 0
0 0 0 0 0 0 0 0
0 0 0 0 0 0 0 0
0 0 0 0 0 0 0 0
0 0 0 0 0 0 0 0
0 0 0 0 0 0 0 0
0 0 0 0 0 0 0 0


seq17
loop=5

0 0 1 0 0 0 3 0
0 0 2 0 0 0 2 0
0 0 3 0 0 0 1 0
0 0 0 0 0 0 0 0
0 0 0 0 0 0 0 0
0 0 0 0 0 0 0 0
0 0 0 0 0 0 0 0
0 0 0 0 0 0 0 0
0 0 0 0 0 0 0 0
0 0 0 0 0 0 0 0
0 0 0 0 0 0 0 0
0 0 0 0 0 0 0 0
0 3 0 0 0 0 0 0
0 0 0 0 0 3 0 0
0 0 0 0 0 0 0 0
0 0 0 0 0 0 0 0
0 0 0 0 0 0 0 0
0 0 0 0 0 0 0 0
0 0 0 0 0 0 0 0
0 0 0 0 0 0 0 0
0 0 0 0 0 0 0 0
0 0 0 0 0 0 0 0
0 0 0 0 0 0 0 0
0 0 1 0 0 0 3 0
0 0 2 0 0 0 2 0
0 0 3 0 0 0 1 0
0 0 0 0 0 0 0 0
0 0 0 0 0 0 0 0
0 0 0 0 0 0 0 0
0 0 0 0 0 0 0 0
0 0 0 0 0 0 0 0
0 0 0 0 0 0 0 0
0 0 0 0 0 0 0 0
0 0 0 0 0 0 0 0
0 0 0 0 0 0 0 0
0 3 0 0 0 0 0 0
0 0 0 0 0 3 0 0
0 0 0 0 0 0 0 0
0 0 0 0 0 0 0 0
0 0 0 0 0 0 0 0
0 0 0 0 0 0 0 0
0 0 0 0 0 0 0 0
0 0 0 0 0 0 0 0
0 0 0 0 0 0 0 0
0 0 0 0 0 0 0 0
0 0 0 0 0 0 0 0
0 0 0 0 0 0 0 0
0 0 0 0 0 0 0 0


seq18  pump section
loop=8

9 0 1 0 9 0 3 0
9 0 2 0 9 0 2 0
9 0 3 0 9 0 1 0
9 0 0 0 9 0 0 0
9 0 0 0 9 0 0 0
9 0 0 0 9 0 0 0
9 0 0 0 9 0 0 0
9 0 0 0 9 0 0 0
0 0 0 0 0 0 0 0
0 0 0 0 0 0 0 0
0 0 0 0 0 0 0 0
0 0 0 0 0 0 0 0
0 3 0 0 0 0 0 0
0 0 0 0 0 3 0 0
0 0 0 0 0 0 0 0
0 0 0 0 0 0 0 0
9 0 0 0 9 0 0 0
9 0 0 0 9 0 0 0
9 0 0 0 9 0 0 0
9 0 0 0 9 0 0 0
9 0 0 0 9 0 0 0
9 0 0 0 9 0 0 0
9 0 0 0 9 0 0 0
9 0 1 0 9 0 3 0
0 0 2 0 0 0 2 0
0 0 3 0 0 0 1 0
0 0 0 0 0 0 0 0
0 0 0 0 0 0 0 0
0 0 0 0 0 0 0 0
0 0 0 0 0 0 0 0
0 0 0 0 0 0 0 0
0 0 0 0 0 0 0 0
9 0 0 0 9 0 0 0
9 0 0 0 9 0 0 0
9 0 0 0 9 0 0 0
9 3 0 0 9 0 0 0
9 0 0 0 9 3 0 0
9 0 0 0 9 0 0 0
9 0 0 0 9 0 0 0
9 0 0 0 9 0 0 0
0 0 0 0 0 0 0 0
0 0 0 0 0 0 0 0
0 0 0 0 0 0 0 0
0 0 0 0 0 0 0 0
0 0 0 0 0 0 0 0
0 0 0 0 0 0 0 0
0 0 0 0 0 0 0 0
0 0 0 0 0 0 0 0





seq19
loop=3
9 0 1 0 9 0 3 0
9 0 2 0 9 0 2 0
9 0 3 0 9 0 1 0
9 0 0 0 9 0 0 0
9 0 0 0 9 0 0 0
9 0 0 0 9 0 0 0
9 0 0 0 9 0 0 0
9 0 0 0 9 0 0 0
0 0 0 0 0 0 0 0
0 0 0 0 0 0 0 0
0 0 0 0 0 0 0 0
0 0 0 0 0 0 0 0
0 0 0 0 0 0 0 0
0 0 0 0 0 0 0 0
0 0 0 0 0 0 0 0
0 0 0 0 0 0 0 0
9 0 0 0 9 0 0 0
9 0 0 0 9 0 0 0
9 0 0 0 9 0 0 0
9 0 0 0 9 0 0 0
9 0 0 0 9 0 0 0
9 0 0 0 9 0 0 0
9 0 0 0 9 0 0 0
9 0 1 0 9 0 3 0
0 0 2 0 0 0 2 0
0 0 3 0 0 0 1 0
0 0 0 0 0 0 0 0
0 0 0 0 0 0 0 0
0 0 0 0 0 0 0 0
0 0 0 0 0 0 0 0
0 0 0 0 0 0 0 0
0 0 0 0 0 0 0 0
9 0 0 0 9 0 0 0
9 0 0 0 9 0 0 0
9 0 0 0 9 0 0 0
9 0 0 0 9 0 0 0
9 0 0 0 9 0 0 0
9 0 0 0 9 0 0 0
9 0 0 0 9 0 0 0
9 0 0 0 9 0 0 0
0 0 0 0 0 0 0 0
0 0 0 0 0 0 0 0
0 0 0 0 0 0 0 0
0 0 0 0 0 0 0 0
0 0 0 0 0 0 0 0
0 0 0 0 0 0 0 0
0 0 0 0 0 0 0 0
0 0 0 0 0 0 0 0


seq20
loop=1
0 0 1 0 0 0 3 0
0 0 2 0 0 0 2 0
0 0 3 0 0 0 1 0
0 0 0 0 0 0 0 0
0 0 0 0 0 0 0 0
0 0 0 0 0 0 0 0
0 0 0 0 0 0 0 0
0 0 0 0 0 0 0 0
0 0 0 0 0 0 0 0
0 0 0 0 0 0 0 0
0 0 0 0 0 0 0 0
0 0 0 0 0 0 0 0
0 0 0 0 0 0 0 0
0 0 0 0 0 0 0 0
0 0 0 0 0 0 0 0
0 0 0 0 0 0 0 0
0 0 0 0 0 0 0 0
0 0 0 0 0 0 0 0
0 0 0 0 0 0 0 0
0 0 0 0 0 0 0 0
0 0 0 0 0 0 0 0
0 0 0 0 0 0 0 0
0 0 0 0 0 0 0 0
0 0 1 0 0 0 3 0
0 0 2 0 0 0 2 0
0 0 3 0 0 0 1 0
0 0 0 0 0 0 0 0
0 0 0 0 0 0 0 0
0 0 0 0 0 0 0 0
0 0 0 0 0 0 0 0
0 0 0 0 0 0 0 0
0 0 0 0 0 0 0 0
0 0 0 0 0 0 0 0
0 0 0 0 0 0 0 0
0 0 0 0 0 0 0 0
0 0 0 0 0 0 0 0
0 0 0 0 0 0 0 0
0 0 0 0 0 0 0 0
0 0 0 0 0 0 0 0
0 0 0 0 0 0 0 0
0 0 0 0 0 0 0 0
0 0 0 0 0 0 0 0
0 0 0 0 0 0 0 0
0 0 0 0 0 0 0 0
0 0 0 0 0 0 0 0
0 0 0 0 0 0 0 0
0 0 0 0 0 0 0 0
0 0 0 0 0 0 0 0


seq21
loop=16
9 0 0 0 9 0 0 0
9 0 0 0 9 0 0 0
9 0 0 0 9 0 0 0
9 0 0 0 9 0 0 0
9 0 0 0 9 0 0 0
9 0 0 0 9 0 0 0
9 0 0 0 9 0 0 0
9 0 0 0 9 0 0 0
0 0 0 0 0 0 0 0
0 0 0 0 0 0 0 0
0 0 0 0 0 0 0 0
5 0 0 0 5 0 0 0
5 0 0 0 5 0 0 0
0 0 0 0 0 0 0 0
0 0 0 0 0 0 0 0
0 0 0 0 0 0 0 0
9 0 0 0 9 0 0 0
9 0 0 0 9 0 0 0
9 0 0 0 9 0 0 0
9 0 0 0 9 0 0 0
9 0 0 0 9 0 0 0
9 0 0 0 9 0 0 0
9 0 0 0 9 0 0 0
9 0 0 0 9 0 0 0
0 0 0 0 0 0 0 0
0 0 0 0 0 0 0 0
0 0 0 0 0 0 0 0
0 0 0 0 0 0 0 0
0 0 0 0 0 0 0 0
0 0 0 0 0 0 0 0
0 0 0 0 0 0 0 0
0 0 0 0 0 0 0 0
9 0 0 0 9 0 0 0
9 0 0 0 9 0 0 0
9 0 0 0 9 0 0 0
9 0 0 0 9 0 0 0
9 0 0 0 9 0 0 0
9 0 0 0 9 0 0 0
9 0 0 0 9 0 0 0
9 0 0 0 9 0 0 0
0 0 0 0 0 0 0 0
0 0 0 0 0 0 0 0
0 0 0 0 0 0 0 0
0 0 0 0 0 0 0 0
0 0 0 0 0 0 0 0
0 0 0 0 0 0 0 0
0 0 0 0 0 0 0 0
0 0 0 0 0 0 0 0




seq22
loop=12
9 0 1 0 9 0 0 0
9 0 0 0 9 0 8 0
9 0 0 0 9 0 0 0
9 0 0 0 9 0 0 0
9 0 0 0 9 0 0 0
9 0 0 0 9 0 0 0
9 0 0 0 9 0 0 0
9 0 0 0 9 0 0 0
0 0 0 0 0 0 0 0
0 0 0 0 0 0 0 0
0 0 0 0 0 0 0 0
5 0 0 0 5 0 0 0
5 0 3 0 5 0 0 0
0 0 0 0 0 0 6 0
0 0 0 0 0 0 0 0
0 0 0 0 0 0 0 0
9 0 0 0 9 0 0 0
9 0 0 0 9 0 0 0
9 0 0 0 9 0 0 0
9 0 0 0 9 0 0 0
9 0 0 0 9 0 0 0
9 0 0 0 9 0 0 0
9 0 0 0 9 0 0 0
9 0 0 0 9 0 0 0
0 0 5 0 0 0 0 0
0 0 0 0 0 0 4 0
0 0 0 0 0 0 0 0
0 0 0 0 0 0 0 0
0 0 0 0 0 0 0 0
0 0 0 0 0 0 0 0
0 0 0 0 0 0 0 0
0 0 0 0 0 0 0 0
9 0 0 0 9 0 0 0
9 0 0 0 9 0 0 0
9 0 0 0 9 0 0 0
9 0 0 0 9 0 0 0
9 0 7 0 9 0 0 0
9 0 0 0 9 0 2 0
9 0 0 0 9 0 0 0
9 0 0 0 9 0 0 0
0 0 0 0 0 0 0 0
0 0 0 0 0 0 0 0
0 0 0 0 0 0 0 0
0 0 0 0 0 0 0 0
0 0 0 0 0 0 0 0
0 0 0 0 0 0 0 0
0 0 0 0 0 0 0 0
0 0 0 0 0 0 0 0


seq23
loop=12
9 0 1 0 9 0 0 0
9 0 0 0 9 0 8 0
9 0 0 0 9 0 0 0
9 0 0 0 9 0 0 0
9 0 0 0 9 0 0 0
9 0 0 0 9 0 0 0
9 0 0 0 9 0 0 0
9 0 0 0 9 0 0 0
0 0 0 0 0 0 0 0
0 0 0 0 0 0 0 0
0 0 0 0 0 0 0 0
5 0 0 0 5 0 0 0
5 0 3 0 5 0 0 0
0 0 0 0 0 0 6 0
0 0 0 0 0 0 0 0
0 0 0 0 0 0 0 0
9 0 0 0 9 0 0 0
9 0 0 0 9 0 0 0
9 0 0 0 9 0 0 0
9 0 0 0 9 0 0 0
9 0 0 0 9 0 0 0
9 0 0 0 9 0 0 0
9 0 0 0 9 0 0 0
9 0 0 0 9 0 0 0
0 0 5 0 0 0 0 0
0 0 0 0 0 0 4 0
0 0 0 0 0 0 0 0
0 0 0 0 0 0 0 0
0 0 0 0 0 0 0 0
0 0 0 0 0 0 0 0
0 0 0 0 0 0 0 0
0 0 0 0 0 0 0 0
9 5 0 0 9 0 0 5
9 0 0 5 9 5 0 0
9 0 0 0 9 0 0 0
9 0 0 0 9 0 0 0
9 5 7 0 9 0 0 5
9 0 0 5 9 5 2 0
9 0 0 0 9 0 0 0
9 0 0 0 9 0 0 0
0 5 0 0 0 0 0 5
0 0 0 5 0 5 0 0
0 0 0 0 0 0 0 0
0 0 0 0 0 0 0 0
0 5 0 0 0 0 0 5
0 0 0 5 0 5 0 0
0 0 0 0 0 0 0 0
0 0 0 0 0 0 0 0




seq24
loop=4
9 0 0 0 9 0 0 0
9 0 0 0 9 0 0 0
9 0 0 0 9 0 0 0
9 0 0 0 9 0 0 0
9 0 0 0 9 0 0 0
9 0 0 0 9 0 0 0
9 0 0 0 9 0 0 0
9 0 0 0 9 0 0 0
0 0 0 0 0 0 0 0
0 0 0 0 0 0 0 0
0 0 0 0 0 0 0 0
5 0 0 0 5 0 0 0
5 0 0 0 5 0 0 0
0 0 0 0 0 0 0 0
0 0 0 0 0 0 0 0
0 0 0 0 0 0 0 0
9 0 0 0 9 0 0 0
9 0 0 0 9 0 0 0
9 0 0 0 9 0 0 0
9 0 0 0 9 0 0 0
9 0 0 0 9 0 0 0
9 0 0 0 9 0 0 0
9 0 0 0 9 0 0 0
9 0 0 0 9 0 0 0
0 0 0 0 0 0 0 0
0 0 0 0 0 0 0 0
0 0 0 0 0 0 0 0
0 0 0 0 0 0 0 0
0 0 0 0 0 0 0 0
0 0 0 0 0 0 0 0
0 0 0 0 0 0 0 0
0 0 0 0 0 0 0 0
9 0 0 0 9 0 0 0
9 0 0 0 9 0 0 0
9 0 0 0 9 0 0 0
9 0 0 0 9 0 0 0
9 0 0 0 9 0 0 0
9 0 0 0 9 0 0 0
9 0 0 0 9 0 0 0
9 0 0 0 9 0 0 0
0 0 0 0 0 0 0 0
0 0 0 0 0 0 0 0
0 0 0 0 0 0 0 0
0 0 0 0 0 0 0 0
0 0 0 0 0 0 0 0
0 0 0 0 0 0 0 0
0 0 0 0 0 0 0 0
0 0 0 0 0 0 0 0


seq25 calps
loop=12
0 1 0 0 0 5 0 0
0 5 0 0 0 1 0 0
0 0 1 0 0 0 5 0
0 0 5 0 0 0 1 0
0 0 0 1 0 0 0 5
0 0 0 5 0 0 0 1
0 1 0 0 0 5 0 0
0 5 0 0 0 1 0 0
0 0 1 0 0 0 5 0
0 0 5 0 0 0 1 0
0 0 0 1 0 0 0 5
0 0 0 5 0 0 0 1
0 1 0 0 0 5 0 0
0 5 0 0 0 1 0 0
0 0 1 0 0 0 5 0
0 0 5 0 0 0 1 0
0 0 0 1 0 0 0 5
0 0 0 5 0 0 0 1
0 1 0 0 0 5 0 0
0 5 0 0 0 1 0 0
0 0 1 0 0 0 5 0
0 0 5 0 0 0 1 0
0 0 0 1 0 0 0 5
0 0 0 5 0 0 0 1
0 1 0 0 0 5 0 0
0 5 0 0 0 1 0 0
0 0 1 0 0 0 5 0
0 0 5 0 0 0 1 0
0 0 0 1 0 0 0 5
0 0 0 5 0 0 0 1
0 1 0 0 0 5 0 0
0 5 0 0 0 1 0 0
0 0 1 0 0 0 5 0
0 0 5 0 0 0 1 0
0 0 0 1 0 0 0 5
0 0 0 5 0 0 0 1
0 1 0 0 0 5 0 0
0 5 0 0 0 1 0 0
0 0 1 0 0 0 5 0
0 0 5 0 0 0 1 0
0 0 0 1 0 0 0 5
0 0 0 5 0 0 0 1
0 1 0 0 0 5 0 0
0 5 0 0 0 1 0 0
0 0 1 0 0 0 5 0
0 0 5 0 0 0 1 0
0 0 0 1 0 0 0 5
0 0 0 5 0 0 0 1




seq26
loop=8
9 1 0 0 9 5 0 0
9 5 0 0 9 1 0 0
9 0 1 0 9 0 5 0
9 0 5 0 9 0 1 0
9 0 0 1 9 0 0 5
9 0 0 5 9 0 0 1
9 1 0 0 9 5 0 0
9 5 0 0 9 1 0 0
0 0 1 0 0 0 5 0
0 0 5 0 0 0 1 0
0 0 0 1 0 0 0 5
0 0 0 5 0 0 0 1
0 1 0 0 0 5 0 0
0 5 0 0 0 1 0 0
0 0 1 0 0 0 5 0
0 0 5 0 0 0 1 0
9 0 0 1 9 0 0 5
9 0 0 5 9 0 0 1
9 1 0 0 9 5 0 0
9 5 0 0 9 1 0 0
9 0 1 0 9 0 5 0
9 0 5 0 9 0 1 0
9 0 0 1 9 0 0 5
9 0 0 5 9 0 0 1
0 1 0 0 0 5 0 0
0 5 0 0 0 1 0 0
0 0 1 0 0 0 5 0
0 0 5 0 0 0 1 0
0 0 0 1 0 0 0 5
0 0 0 5 0 0 0 1
0 1 0 0 0 5 0 0
0 5 0 0 0 1 0 0
9 0 1 0 9 0 5 0
9 0 5 0 9 0 1 0
9 0 0 1 9 0 0 5
9 0 0 5 9 0 0 1
9 1 0 0 9 5 0 0
9 5 0 0 9 1 0 0
9 0 1 0 9 0 5 0
9 0 5 0 9 0 1 0
0 0 0 1 0 0 0 5
0 0 0 5 0 0 0 1
0 1 0 0 0 5 0 0
0 5 0 0 0 1 0 0
0 0 1 0 0 0 5 0
0 0 5 0 0 0 1 0
0 0 0 1 0 0 0 5
0 0 0 5 0 0 0 1


seq27
loop=10
9 0 0 0 9 0 0 0
9 0 0 0 9 0 0 0
9 0 0 0 9 0 0 0
9 0 0 0 9 0 0 0
9 0 0 1 9 0 0 5
9 0 0 5 9 0 0 1
9 0 0 0 9 0 0 0
9 0 0 0 9 0 0 0
0 0 0 0 0 0 0 0
0 0 0 0 0 0 0 0
0 0 0 1 0 0 0 5
0 0 0 5 0 0 0 1
0 0 0 0 0 0 0 0
0 0 0 0 0 0 0 0
0 0 0 0 0 0 0 0
0 0 0 0 0 0 0 0
9 0 0 1 9 0 0 5
9 0 0 5 9 0 0 1
9 0 0 0 9 0 0 0
9 0 0 0 9 0 0 0
9 0 0 0 9 0 0 0
9 0 0 0 9 0 0 0
9 0 0 1 9 0 0 5
9 0 0 5 9 0 0 1
0 0 0 0 0 0 0 0
0 0 0 0 0 0 0 0
0 0 0 0 0 0 0 0
0 0 0 0 0 0 0 0
0 0 0 1 0 0 0 5
0 0 0 5 0 0 0 1
0 0 0 0 0 0 0 0
0 0 0 0 0 0 0 0
9 0 0 0 9 0 0 0
9 0 0 0 9 0 0 0
9 0 0 1 9 0 0 5
9 0 0 5 9 0 0 1
9 0 0 0 9 0 0 0
9 0 0 0 9 0 0 0
9 0 0 0 9 0 0 0
9 0 0 0 9 0 0 0
0 0 0 1 0 0 0 5
0 0 0 5 0 0 0 1
0 0 0 0 0 0 0 0
0 0 0 0 0 0 0 0
0 0 0 0 0 0 0 0
0 0 0 0 0 0 0 0
0 0 0 1 0 0 0 5
0 0 0 5 0 0 0 1


seq28
loop=14
9 1 0 0 9 0 0 0
9 5 0 0 9 0 0 0
9 0 0 0 9 0 0 0
9 0 0 0 9 0 0 0
9 0 0 1 9 0 0 5
9 0 0 5 9 0 0 1
9 0 0 0 9 5 0 0
9 0 0 0 9 1 0 0
0 0 0 0 0 0 0 0
0 0 0 0 0 0 0 0
0 0 0 1 0 0 0 5
0 0 0 5 0 0 0 1
0 0 0 0 0 0 0 0
0 0 0 0 0 0 0 0
0 0 0 0 0 0 0 0
0 0 0 0 0 0 0 0
9 0 0 1 9 0 0 5
9 0 0 5 9 0 0 1
9 0 0 0 9 0 0 0
9 0 0 0 9 0 0 0
9 0 0 0 9 0 0 0
9 0 0 0 9 0 0 0
9 0 0 1 9 0 0 5
9 0 0 5 9 0 0 1
0 0 0 0 0 0 0 0
0 0 0 0 0 0 0 0
0 0 0 0 0 0 0 0
0 0 0 0 0 0 0 0
0 0 0 1 0 0 0 5
0 0 0 5 0 0 0 1
0 0 0 0 0 0 0 0
0 0 0 0 0 0 0 0
9 0 0 0 9 0 0 0
9 0 0 0 9 0 0 0
9 0 0 1 9 0 0 5
9 0 0 5 9 0 0 1
9 0 0 0 9 0 0 0
9 0 0 0 9 0 0 0
9 0 0 0 9 0 0 0
9 0 0 0 9 0 0 0
0 0 0 1 0 0 0 5
0 0 0 5 0 0 0 1
0 0 0 0 0 0 0 0
0 0 0 0 0 0 0 0
0 0 0 0 0 0 0 0
0 0 0 0 0 0 0 0
0 0 0 1 0 0 0 5
0 0 0 5 0 0 0 1


seq29  almost full
loop=8
9 1 0 0 9 0 0 0
9 5 0 0 9 0 0 0
9 0 1 0 9 0 5 0
9 0 5 0 9 0 1 0
9 0 0 1 9 0 0 5
9 0 0 5 9 0 0 1
9 0 0 0 9 5 0 0
9 0 0 0 9 1 0 0
0 0 1 0 0 0 5 0
0 0 5 0 0 0 1 0
0 0 0 1 0 0 0 5
0 0 0 5 0 0 0 1
0 0 0 0 0 0 0 0
0 0 0 0 0 0 0 0
0 0 1 0 0 0 5 0
0 0 5 0 0 0 1 0
9 0 0 1 9 0 0 5
9 0 0 5 9 0 0 1
9 0 0 0 9 0 0 0
9 0 0 0 9 0 0 0
9 0 1 0 9 0 5 0
9 0 5 0 9 0 1 0
9 0 0 1 9 0 0 5
9 0 0 5 9 0 0 1
0 0 0 0 0 0 0 0
0 0 0 0 0 0 0 0
0 0 1 0 0 0 5 0
0 0 5 0 0 0 1 0
0 0 0 1 0 0 0 5
0 0 0 5 0 0 0 1
0 0 0 0 0 0 0 0
0 0 0 0 0 0 0 0
9 0 1 0 9 0 5 0
9 0 5 0 9 0 1 0
9 0 0 1 9 0 0 5
9 0 0 5 9 0 0 1
9 0 0 0 9 0 0 0
9 0 0 0 9 0 0 0
9 0 1 0 9 0 5 0
9 0 5 0 9 0 1 0
0 0 0 1 0 0 0 5
0 0 0 5 0 0 0 1
0 0 0 0 0 0 0 0
0 0 0 0 0 0 0 0
0 0 1 0 0 0 5 0
0 0 5 0 0 0 1 0
0 0 0 1 0 0 0 5
0 0 0 5 0 0 0 1


seq30  full
loop=16
9 1 0 0 9 5 0 0
9 5 0 0 9 1 0 0
9 0 1 0 9 0 5 0
9 0 5 0 9 0 1 0
9 0 0 1 9 0 0 5
9 0 0 5 9 0 0 1
9 1 0 0 9 5 0 0
9 5 0 0 9 1 0 0
0 0 1 0 0 0 5 0
0 0 5 0 0 0 1 0
0 0 0 1 0 0 0 5
0 0 0 5 0 0 0 1
0 1 0 0 0 5 0 0
0 5 0 0 0 1 0 0
0 0 1 0 0 0 5 0
0 0 5 0 0 0 1 0
9 0 0 1 9 0 0 5
9 0 0 5 9 0 0 1
9 1 0 0 9 5 0 0
9 5 0 0 9 1 0 0
9 0 1 0 9 0 5 0
9 0 5 0 9 0 1 0
9 0 0 1 9 0 0 5
9 0 0 5 9 0 0 1
0 1 0 0 0 5 0 0
0 5 0 0 0 1 0 0
0 0 1 0 0 0 5 0
0 0 5 0 0 0 1 0
0 0 0 1 0 0 0 5
0 0 0 5 0 0 0 1
0 1 0 0 0 5 0 0
0 5 0 0 0 1 0 0
9 0 1 0 9 0 5 0
9 0 5 0 9 0 1 0
9 0 0 1 9 0 0 5
9 0 0 5 9 0 0 1
9 1 0 0 9 5 0 0
9 5 0 0 9 1 0 0
9 0 1 0 9 0 5 0
9 0 5 0 9 0 1 0
0 0 0 1 0 0 0 5
0 0 0 5 0 0 0 1
0 1 0 0 0 5 0 0
0 5 0 0 0 1 0 0
0 0 1 0 0 0 5 0
0 0 5 0 0 0 1 0
0 0 0 1 0 0 0 5
0 0 0 5 0 0 0 1




seq31  train
loop=16
9 0 0 0 9 0 0 0
9 0 0 0 9 0 0 0
9 0 1 0 9 0 5 0
9 0 5 0 9 0 1 0
9 0 0 1 9 0 0 5
9 0 0 5 9 0 0 1
9 0 0 0 9 0 0 0
9 0 0 0 9 0 0 0
0 0 1 0 0 0 5 0
0 0 5 0 0 0 1 0
0 0 0 1 0 0 0 5
0 0 0 5 0 0 0 1
0 0 0 0 0 0 0 0
0 0 0 0 0 0 0 0
0 0 1 0 0 0 5 0
0 0 5 0 0 0 1 0
9 0 1 0 9 0 5 0
9 0 5 0 9 0 1 0
9 0 0 0 9 0 0 0
9 0 0 0 9 0 0 0
9 0 1 0 9 0 5 0
9 0 5 0 9 0 1 0
9 0 0 0 9 0 0 0
9 0 0 0 9 0 0 0
0 0 5 0 0 0 1 0
0 0 1 0 0 0 5 0
0 0 0 0 0 0 0 0
0 0 0 0 0 0 0 0
0 0 5 0 0 0 1 0
0 0 1 0 0 0 5 0
0 0 0 0 0 0 0 0
0 0 0 0 0 0 0 0
9 0 0 0 9 0 0 0
9 0 0 0 9 0 0 0
9 0 0 0 9 0 0 0
9 0 0 0 9 0 0 0
9 0 0 0 9 0 0 0
9 0 0 0 9 0 0 0
9 0 0 0 9 0 0 0
9 0 0 0 9 0 0 0
0 0 0 0 0 0 0 0
0 0 0 0 0 0 0 0
0 0 0 0 0 0 0 0
0 0 0 0 0 0 0 0
0 0 0 0 0 0 0 0
0 0 0 0 0 0 0 0
0 0 0 0 0 0 0 0
0 0 0 0 0 0 0 0




seq32 train 2
loop=15

9 5 0 0 9 0 0 0
9 1 0 0 9 0 0 0
9 0 1 0 9 0 5 0
9 0 5 0 9 0 1 0
9 0 0 1 9 0 0 5
9 0 0 5 9 0 0 1
9 0 0 0 9 1 0 0
9 0 0 0 9 5 0 0
0 0 1 0 0 0 5 0
0 0 5 0 0 0 1 0
0 0 0 1 0 0 0 5
0 0 0 5 0 0 0 1
0 5 0 0 0 0 0 0
0 1 0 0 0 0 0 0
0 0 1 0 0 0 5 0
0 0 5 0 0 0 1 0
9 0 1 0 9 0 5 0
9 0 5 0 9 0 1 0
9 0 0 0 9 0 0 0
9 0 0 0 9 0 0 0
9 0 1 0 9 0 5 0
9 0 5 0 9 0 1 0
9 0 0 0 9 0 0 0
9 0 0 0 9 0 0 0
0 0 5 0 0 0 1 0
0 0 1 0 0 0 5 0
0 0 0 0 0 0 0 0
0 0 0 0 0 0 0 0
0 0 5 0 0 0 1 0
0 0 1 0 0 0 5 0
0 0 0 0 0 0 0 0
0 0 0 0 0 0 0 0
9 0 0 0 9 1 0 0
9 0 0 0 9 5 0 0
9 0 0 0 9 0 0 0
9 0 0 0 9 0 0 0
9 5 0 0 9 0 0 0
9 1 0 0 9 0 0 0
9 0 0 0 9 0 0 0
9 0 0 0 9 0 0 0
0 0 0 0 0 1 0 0
0 0 0 0 0 5 0 0
0 0 0 0 0 0 0 0
0 0 0 0 0 0 0 0
0 5 0 0 0 0 0 0
0 1 0 0 0 0 0 0
0 0 0 0 0 0 0 0
0 0 0 0 0 0 0 0



seq33 flasher

loop=15
9 0 0 8 9 0 0 8
9 0 0 8 9 0 0 8
9 0 0 8 9 0 0 8
9 0 0 8 9 0 0 8
9 0 0 0 9 0 0 0
9 0 0 0 9 0 0 0
9 0 1 0 9 0 0 0
9 0 0 0 9 0 0 0
0 0 0 0 0 0 7 0
0 0 0 0 0 0 0 0
0 0 3 0 0 0 6 0
0 0 0 0 0 0 0 0
0 0 4 0 0 0 0 0
0 0 0 0 0 0 0 0
0 0 0 0 0 0 4 0
0 0 0 0 0 0 0 0
9 0 6 0 9 0 0 0
9 0 0 0 9 0 0 0
9 0 0 0 9 0 2 0
9 0 0 0 9 0 0 0
9 0 8 0 9 0 0 0
9 0 0 0 9 0 0 0
9 0 0 0 9 0 0 0
9 0 0 0 9 0 0 0
0 0 0 0 0 0 0 0
0 0 0 0 0 0 0 0
0 0 0 0 0 0 0 0
0 0 0 0 0 0 0 0
0 0 0 8 0 0 0 8
0 0 0 0 0 0 0 0
0 0 0 8 0 0 0 8
0 0 0 0 0 0 0 0
9 0 0 8 9 0 0 8
9 0 0 0 9 0 0 0
9 0 0 8 9 0 0 8
9 0 0 0 9 0 0 0
9 0 0 8 9 0 0 8
9 0 0 0 9 0 0 0
9 0 0 8 9 0 0 8
9 0 0 0 9 0 0 0
0 0 0 0 0 0 0 0
0 0 0 0 0 0 0 0
0 0 0 2 0 0 0 2
0 0 0 2 0 0 0 2
0 0 0 2 0 0 0 2
0 0 0 0 0 0 0 0
0 0 0 0 0 0 0 0
0 0 0 0 0 0 0 0


seq34
loop=2

9 1 0 8 9 0 0 8
9 0 0 8 9 0 0 8
9 0 0 8 9 0 0 8
9 0 0 8 9 0 0 8
9 0 0 0 9 0 0 0
9 0 0 0 9 0 0 0
9 0 1 0 9 2 0 0
9 0 0 0 9 0 0 0
0 0 0 0 0 0 7 0
0 0 0 0 0 0 0 0
0 0 3 0 0 0 6 0
0 0 0 0 0 0 0 0
0 3 4 0 0 0 0 0
0 0 0 0 0 0 0 0
0 0 0 0 0 0 4 0
0 0 0 0 0 0 0 0
9 0 6 0 9 0 0 0
9 0 0 0 9 0 0 0
9 0 0 0 9 4 2 0
9 0 0 0 9 0 0 0
9 0 8 0 9 0 0 0
9 0 0 0 9 0 0 0
9 0 0 0 9 0 0 0
9 0 0 0 9 0 0 0
0 5 0 0 0 0 0 0
0 0 0 0 0 0 0 0
0 0 0 0 0 0 0 0
0 0 0 0 0 0 0 0
0 0 0 8 0 0 0 8
0 0 0 0 0 0 0 0
0 0 0 8 0 6 0 8
0 0 0 0 0 0 0 0
9 0 0 8 9 0 0 8
9 0 0 0 9 0 0 0
9 0 0 8 9 0 0 8
9 0 0 0 9 0 0 0
9 7 0 8 9 0 0 8
9 0 0 0 9 0 0 0
9 0 0 8 9 0 0 8
9 0 0 0 9 0 0 0
0 0 0 0 0 0 0 0
0 0 0 0 0 0 0 0
0 0 0 2 0 8 0 2
0 0 0 2 0 0 0 2
0 0 0 2 0 0 0 2
0 0 0 0 0 0 0 0
0 0 0 0 0 0 0 0
0 0 0 0 0 0 0 0


seq35  future train
loop=19

9 1 0 0 9 6 0 0
9 0 0 0 9 0 0 0
9 3 0 0 9 4 0 0
9 0 0 0 9 0 0 0
9 5 0 0 9 2 0 0
9 6 0 0 9 1 0 0
9 0 0 0 9 0 0 0
9 0 0 0 9 0 0 0
0 0 0 0 0 0 0 0
0 0 0 0 0 0 0 0
0 0 0 0 0 0 0 0
0 0 0 0 0 0 0 0
0 6 0 0 0 1 0 0
0 0 0 0 0 0 0 0
0 4 0 0 0 3 0 0
0 0 0 0 0 0 0 0
9 2 0 0 9 5 0 0
9 1 0 0 9 6 0 0
9 0 0 0 9 0 0 0
9 0 0 0 9 0 0 0
9 0 0 0 9 0 0 0
9 0 0 0 9 0 0 0
9 0 0 0 9 0 0 0
9 0 0 0 9 0 0 0
0 6 0 0 0 1 0 0
0 0 0 0 0 0 0 0
0 4 0 0 0 3 0 0
0 0 0 0 0 0 0 0
0 2 0 0 0 5 0 0
0 1 0 0 0 6 0 0
0 0 0 0 0 0 0 0
0 0 0 0 0 0 0 0
9 0 0 0 9 0 0 0
9 0 0 0 9 0 0 0
9 0 0 0 9 0 0 0
9 0 0 0 9 0 0 0
9 6 0 0 9 1 0 0
9 0 0 0 9 0 0 0
9 4 0 0 9 3 0 0
9 0 0 0 9 0 0 0
0 2 0 0 0 5 0 0
0 1 0 0 0 6 0 0
0 0 0 0 0 0 0 0
0 0 0 0 0 0 0 0
0 0 0 0 0 0 0 0
0 0 0 0 0 0 0 0
0 0 0 0 0 0 0 0
0 0 0 0 0 0 0 0



seq36
loop=4

9 0 0 0 9 0 0 0
9 0 0 0 9 0 0 0
9 0 1 0 9 0 5 0
9 0 5 0 9 0 1 0
9 0 0 1 9 0 0 5
9 0 0 5 9 0 0 1
9 0 0 0 9 0 0 0
9 0 0 0 9 0 0 0
0 0 1 0 0 0 5 0
0 0 5 0 0 0 1 0
0 0 0 1 0 0 0 5
0 0 0 5 0 0 0 1
0 0 0 0 0 0 0 0
0 0 0 0 0 0 0 0
0 0 1 0 0 0 5 0
0 0 5 0 0 0 1 0
9 0 0 1 9 0 0 5
9 0 0 5 9 0 0 1
9 0 0 0 9 0 0 0
9 0 0 0 9 0 0 0
9 0 1 0 9 0 5 0
9 0 5 0 9 0 1 0
9 0 0 1 9 0 0 5
9 0 0 5 9 0 0 1
0 0 0 0 0 0 0 0
0 0 0 0 0 0 0 0
0 0 1 0 0 0 5 0
0 0 5 0 0 0 1 0
0 0 0 1 0 0 0 5
0 0 0 5 0 0 0 1
0 0 0 0 0 0 0 0
0 0 0 0 0 0 0 0
9 0 1 0 9 0 5 0
9 0 5 0 9 0 1 0
9 0 0 1 9 0 0 5
9 0 0 5 9 0 0 1
9 0 0 0 9 0 0 0
9 0 0 0 9 0 0 0
9 0 1 0 9 0 5 0
9 0 5 0 9 0 1 0
0 0 0 1 0 0 0 5
0 0 0 5 0 0 0 1
0 0 0 0 0 0 0 0
0 0 0 0 0 0 0 0
0 0 1 0 0 0 5 0
0 0 5 0 0 0 1 0
0 0 0 1 0 0 0 5
0 0 0 5 0 0 0 1


seq37
loop=19

0 0 0 0 0 0 0 0
0 0 0 0 0 0 0 0
0 0 1 0 0 0 5 0
0 0 5 0 0 0 1 0
0 0 0 1 0 0 0 5
0 0 0 5 0 0 0 1
0 0 0 0 0 0 0 0
0 0 0 0 0 0 0 0
0 0 1 0 0 0 5 0
0 0 5 0 0 0 1 0
0 0 0 1 0 0 0 5
0 0 0 5 0 0 0 1
0 0 0 0 0 0 0 0
0 0 0 0 0 0 0 0
0 0 1 0 0 0 5 0
0 0 5 0 0 0 1 0
0 0 0 1 0 0 0 5
0 0 0 5 0 0 0 1
0 0 0 0 0 0 0 0
0 0 0 0 0 0 0 0
0 0 1 0 0 0 5 0
0 0 5 0 0 0 1 0
0 0 0 1 0 0 0 5
0 0 0 5 0 0 0 1
0 0 0 0 0 0 0 0
0 0 0 0 0 0 0 0
0 0 1 0 0 0 5 0
0 0 5 0 0 0 1 0
0 0 0 1 0 0 0 5
0 0 0 5 0 0 0 1
0 0 0 0 0 0 0 0
0 0 0 0 0 0 0 0
0 0 1 0 0 0 5 0
0 0 5 0 0 0 1 0
0 0 0 1 0 0 0 5
0 0 0 5 0 0 0 1
0 0 0 0 0 0 0 0
0 0 0 0 0 0 0 0
0 0 1 0 0 0 5 0
0 0 5 0 0 0 1 0
0 0 0 1 0 0 0 5
0 0 0 5 0 0 0 1
0 0 0 0 0 0 0 0
0 0 0 0 0 0 0 0
0 0 1 0 0 0 5 0
0 0 5 0 0 0 1 0
0 0 0 1 0 0 0 5
0 0 0 5 0 0 0 1


seq38
loop=4
9 0 0 0 9 0 0 0
9 0 0 0 9 0 0 0
9 0 0 0 9 0 0 0
9 0 0 0 9 0 0 0
9 0 0 1 9 0 0 5
9 0 0 5 9 0 0 1
9 0 0 0 9 0 0 0
9 0 0 0 9 0 0 0
0 0 0 0 0 0 0 0
0 0 0 0 0 0 0 0
0 0 0 1 0 0 0 5
0 0 0 5 0 0 0 1
0 0 0 0 0 0 0 0
0 0 0 0 0 0 0 0
0 0 0 0 0 0 0 0
0 0 0 0 0 0 0 0
9 0 0 1 9 0 0 5
9 0 0 5 9 0 0 1
9 0 0 0 9 0 0 0
9 0 0 0 9 0 0 0
9 0 0 0 9 0 0 0
9 0 0 0 9 0 0 0
9 0 0 1 9 0 0 5
9 0 0 5 9 0 0 1
0 0 0 0 0 0 0 0
0 0 0 0 0 0 0 0
0 0 0 0 0 0 0 0
0 0 0 0 0 0 0 0
0 0 0 1 0 0 0 5
0 0 0 5 0 0 0 1
0 0 0 0 0 0 0 0
0 0 0 0 0 0 0 0
9 0 0 0 9 0 0 0
9 0 0 0 9 0 0 0
9 0 0 1 9 0 0 5
9 0 0 5 9 0 0 1
9 0 0 0 9 0 0 0
9 0 0 0 9 0 0 0
9 0 0 0 9 0 0 0
9 0 0 0 9 0 0 0
0 0 0 1 0 0 0 5
0 0 0 5 0 0 0 1
0 0 0 0 0 0 0 0
0 0 0 0 0 0 0 0
0 0 0 0 0 0 0 0
0 0 0 0 0 0 0 0
0 0 0 1 0 0 0 5
0 0 0 0 0 0 0 0



seq39
loop=14
9 0 0 0 9 0 0 0
9 0 0 0 9 0 0 0
9 0 0 0 9 0 0 0
9 0 0 0 9 0 0 0
9 0 0 1 9 0 0 5
9 0 0 5 9 0 0 1
9 0 0 0 9 0 0 0
9 0 0 0 9 0 0 0
0 0 0 0 0 0 0 0
0 0 0 0 0 0 0 0
0 0 0 1 0 0 0 5
0 0 0 5 0 0 0 1
0 0 0 0 0 0 0 0
0 0 0 0 0 0 0 0
0 0 0 0 0 0 0 0
0 0 0 0 0 0 0 0
9 0 0 1 9 0 0 5
9 0 0 5 9 0 0 1
9 0 0 0 9 0 0 0
9 0 0 0 9 0 0 0
9 0 0 0 9 0 0 0
9 0 0 0 9 0 0 0
9 0 0 1 9 0 0 5
9 0 0 5 9 0 0 1
0 0 0 0 0 0 0 0
0 0 0 0 0 0 0 0
0 0 0 0 0 0 0 0
0 0 0 0 0 0 0 0
0 0 0 1 0 0 0 5
0 0 0 5 0 0 0 1
0 0 0 0 0 0 0 0
0 0 0 0 0 0 0 0
0 0 0 0 0 0 0 0
0 0 0 0 0 0 0 0
0 0 0 1 0 0 0 5
0 0 0 5 0 0 0 1
9 0 0 0 9 0 0 0
9 0 0 0 9 0 0 0
9 0 0 0 9 0 0 0
9 0 0 0 9 0 0 0
0 0 0 1 9 0 0 5
0 0 0 5 0 0 0 1
0 0 0 0 0 0 0 0
0 0 0 0 0 0 0 0
0 0 0 0 0 0 0 0
0 0 0 0 0 0 0 0
0 0 0 1 0 0 0 5
0 0 0 0 0 0 0 0







seq40  laserharp
loop=22

9 0 0 0 0 0 0 0
9 0 0 0 0 0 0 0
9 0 0 0 0 0 0 0
0 9 0 0 0 0 0 0
0 9 0 0 0 0 0 0
0 9 0 0 0 0 0 0
0 0 9 0 0 0 0 0
0 0 9 0 0 0 0 0
0 0 9 0 0 0 0 0
0 0 0 9 0 0 0 0
0 0 0 9 0 0 0 0
0 0 0 9 0 0 0 0
0 0 0 0 9 0 0 0
0 0 0 0 9 0 0 0
0 0 0 0 9 0 0 0
0 0 0 0 0 9 0 0
0 0 0 0 0 9 0 0
0 0 0 0 0 9 0 0
0 0 0 0 0 0 9 0
0 0 0 0 0 0 9 0
0 0 0 0 0 0 9 0
0 0 0 0 0 0 0 9
0 0 0 0 0 0 0 9
0 0 0 0 0 0 0 9
0 0 0 0 0 0 0 0
0 0 0 0 0 0 0 0
0 0 0 0 0 0 0 0
0 0 0 0 0 0 0 9
0 0 0 0 0 0 0 9
0 0 0 0 0 0 0 9
0 0 0 0 0 0 9 0
0 0 0 0 0 0 9 0
0 0 0 0 0 0 9 0
0 0 0 0 0 9 0 0
0 0 0 0 0 9 0 0
0 0 0 0 0 9 0 0
0 0 0 0 9 0 0 0
0 0 0 0 9 0 0 0
0 0 0 0 9 0 0 0
0 0 0 9 0 0 0 0
0 0 0 9 0 0 0 0
0 0 0 9 0 0 0 0
0 0 9 0 0 0 0 0
0 0 9 0 0 0 0 0
0 0 9 0 0 0 0 0
0 9 0 0 0 0 0 0
0 9 0 0 0 0 0 0
0 9 0 0 0 0 0 0


seq41

loop=1
9 0 0 0 0 0 0 0
9 0 0 0 0 0 0 0
9 0 0 0 0 0 0 0
9 0 0 0 0 0 0 0
0 9 0 0 0 0 0 0
0 9 0 0 0 0 0 0
0 9 0 0 0 0 0 0
0 9 0 0 0 0 0 0
0 0 9 0 0 0 0 0
0 0 9 0 0 0 0 0
0 0 9 0 0 0 0 0
0 0 9 0 0 0 0 0
0 0 0 9 0 0 0 0
0 0 0 9 0 0 0 0
0 0 0 9 0 0 0 0
0 0 0 9 0 0 0 0
0 0 0 0 9 0 0 0
0 0 0 0 9 0 0 0
0 0 0 0 9 0 0 0
0 0 0 0 9 0 0 0
0 0 0 0 0 9 0 0
0 0 0 0 0 9 0 0
0 0 0 0 0 9 0 0
0 0 0 0 0 9 0 0
0 0 0 0 0 0 9 0
0 0 0 0 0 0 9 0
0 0 0 0 0 0 9 0
0 0 0 0 0 0 9 0
0 0 0 0 0 0 0 9
0 0 0 0 0 0 0 9
0 0 0 0 0 0 0 9
0 0 0 0 0 0 0 9
0 0 0 0 0 0 9 0
0 0 0 0 0 0 9 0
0 0 0 0 0 0 9 0
0 0 0 0 0 0 9 0
0 0 0 0 0 9 0 0
0 0 0 0 0 9 0 0
0 0 0 0 0 9 0 0
0 0 0 0 0 9 0 0
0 0 0 0 9 0 0 0
0 0 0 0 9 0 0 0
0 0 0 0 9 0 0 0
0 0 0 0 9 0 0 0
0 0 0 9 0 0 0 0
0 0 0 9 0 0 0 0
0 0 9 0 0 0 0 0
0 9 0 0 0 0 0 0


seq41.1
loop=8

9 0 0 0 0 0 0 0
0 0 0 0 0 0 0 0
9 0 0 0 0 0 0 0
0 0 0 0 0 0 0 0
0 9 0 0 0 0 0 0
0 0 0 0 0 0 0 0
0 9 0 0 0 0 0 0
0 0 0 0 0 0 0 0
0 0 9 0 0 0 0 0
0 0 0 0 0 0 0 0
0 0 9 0 0 0 0 0
0 0 0 0 0 0 0 0
0 0 0 9 0 0 0 0
0 0 0 0 0 0 0 0
0 0 0 9 0 0 0 0
0 0 0 0 0 0 0 0
0 0 0 0 9 0 0 0
0 0 0 0 0 0 0 0
0 0 0 0 9 0 0 0
0 0 0 0 0 0 0 0
0 0 0 0 0 9 0 0
0 0 0 0 0 0 0 0
0 0 0 0 0 9 0 0
0 0 0 0 0 0 0 0
0 0 0 0 0 0 9 0
0 0 0 0 0 0 0 0
0 0 0 0 0 0 9 0
0 0 0 0 0 0 0 0
0 0 0 0 0 0 0 9
0 0 0 0 0 0 0 0
0 0 0 0 0 0 9 0
0 0 0 0 0 0 0 0
0 0 0 0 0 0 9 0
0 0 0 0 0 0 0 0
0 0 0 0 0 9 0 0
0 0 0 0 0 0 0 0
0 0 0 0 0 9 0 0
0 0 0 9 0 0 0 0
0 0 0 0 0 0 0 0
0 0 0 9 0 0 0 0
0 0 0 0 0 0 0 0
0 0 9 0 0 0 0 0
0 0 0 0 0 0 0 0
0 0 9 0 0 0 0 0
0 0 0 0 0 0 0 0
0 9 0 0 0 0 0 0
0 0 0 0 0 0 0 0
0 9 0 0 0 0 0 0


seq42 sea organ
loop=6

9 0 0 0 0 0 0 0
9 0 0 0 0 0 0 0
9 0 0 0 0 0 0 0
0 9 0 0 0 0 0 0
0 9 0 0 0 0 0 0
0 9 0 0 0 0 0 0
0 0 9 0 0 0 0 0
0 0 9 0 0 0 0 0
0 0 9 0 0 0 0 0
0 0 0 9 0 0 0 0
0 0 0 9 0 0 0 0
0 0 0 9 0 0 0 0
0 0 0 0 9 0 0 0
0 0 0 0 9 0 0 0
0 0 0 0 9 0 0 0
0 0 0 0 0 9 0 0
0 0 0 0 0 9 0 0
0 0 0 0 0 9 0 0
0 0 0 0 0 0 9 0
0 0 0 0 0 0 9 0
0 0 0 0 0 0 9 0
0 0 0 0 0 0 0 9
0 0 0 0 0 0 0 9
0 0 0 0 0 0 0 9
0 0 0 0 0 0 0 9
0 0 0 0 0 0 0 9
0 0 0 0 0 0 0 9
0 0 0 0 0 0 9 0
0 0 0 0 0 0 9 0
0 0 0 0 0 0 9 0
0 0 0 0 0 9 0 0
0 0 0 0 0 9 0 0
0 0 0 0 0 9 0 0
0 0 0 0 9 0 0 0
0 0 0 0 9 0 0 0
0 0 0 0 9 0 0 0
0 0 0 9 0 0 0 0
0 0 0 9 0 0 0 0
0 0 0 9 0 0 0 0
0 0 9 0 0 0 0 0
0 0 9 0 0 0 0 0
0 0 9 0 0 0 0 0
0 9 0 0 0 0 0 0
0 9 0 0 0 0 0 0
0 9 0 0 0 0 0 0
9 0 0 0 0 0 0 0
9 0 0 0 0 0 0 0
9 0 0 0 0 0 0 0


seq43

loop=24
9 0 0 0 0 0 0 0
9 0 0 0 0 0 0 0
9 0 0 0 0 0 0 0
0 9 0 0 0 0 0 0
0 9 0 0 0 0 0 0
0 9 0 0 0 0 0 0
0 1 9 0 0 0 0 0
0 0 9 0 0 0 0 0
0 0 9 0 0 0 0 0
0 0 1 9 0 0 0 0
0 0 0 9 0 0 0 0
0 0 0 9 0 0 0 0
0 0 0 1 9 0 0 0
0 0 0 0 9 0 0 0
0 0 0 0 9 0 0 0
0 0 0 0 0 9 0 0
0 0 0 0 0 9 0 0
0 0 0 0 0 9 0 0
0 0 0 0 0 1 9 0
0 0 0 0 0 0 9 0
0 0 0 0 0 0 9 0
0 0 0 0 0 0 1 9
0 0 0 0 0 0 0 9
0 0 0 0 0 0 0 1
0 0 0 0 0 0 0 1
0 0 0 0 0 0 0 9
0 0 0 0 0 0 1 9
0 0 0 0 0 0 9 0
0 0 0 0 0 0 9 0
0 0 0 0 0 1 9 0
0 0 0 0 0 9 0 0
0 0 0 0 0 9 0 0
0 0 0 0 0 9 0 0
0 0 0 0 9 0 0 0
0 0 0 0 9 0 0 0
0 0 0 1 9 0 0 0
0 0 0 9 0 0 0 0
0 0 0 9 0 0 0 0
0 0 1 9 0 0 0 0
0 0 9 0 0 0 0 0
0 0 9 0 0 0 0 0
0 1 9 0 0 0 0 0
0 9 0 0 0 0 0 0
0 9 0 0 0 0 0 0
0 9 0 0 0 0 0 0
9 0 0 0 0 0 0 0
9 0 0 0 0 0 0 0
9 0 0 0 0 0 0 0


seq44
loop=18

9 0 0 0 0 0 0 0
9 0 0 0 0 0 0 0
9 0 0 0 0 0 0 0
0 9 0 0 0 0 0 0
0 9 0 0 0 0 0 0
0 9 0 0 0 0 0 0
0 1 9 0 0 0 0 0
0 0 9 0 0 0 0 0
0 0 9 0 0 0 0 0
0 0 1 9 0 0 0 0
0 0 0 9 0 0 0 0
0 0 0 9 0 0 0 0
0 0 0 1 9 0 0 0
0 0 0 0 9 0 0 0
0 0 0 0 9 0 0 0
0 0 0 0 0 9 0 0
0 0 0 0 0 9 0 0
0 0 0 0 0 9 0 0
0 0 0 0 0 1 9 0
0 0 0 0 0 0 9 0
0 0 0 0 0 0 9 0
0 0 0 0 0 0 1 9
0 0 0 0 0 0 0 9
0 0 0 0 0 0 0 1
0 0 0 0 0 0 0 1
0 0 0 0 0 0 0 9
0 0 0 0 0 0 1 9
0 0 0 0 0 0 9 0
0 0 0 0 0 0 9 0
0 0 0 0 0 1 9 0
0 0 0 0 0 9 0 0
0 0 0 0 0 9 0 0
0 0 0 0 0 9 0 0
0 0 0 0 9 0 0 0
0 0 0 0 9 0 0 0
0 0 0 1 9 0 0 0
0 0 0 9 0 0 0 0
0 0 0 9 0 0 0 0
0 0 1 9 0 0 0 0
0 0 9 0 0 0 0 0
0 0 9 0 0 0 0 0
0 1 9 0 0 0 0 0
0 9 0 0 0 0 0 0
0 9 0 0 0 0 0 0
0 9 1 0 0 0 0 0
9 0 0 0 0 0 0 0
9 0 0 0 0 0 0 0
9 0 0 1 0 0 0 0


seq45
loop=6

9 0 0 0 0 0 0 0
9 0 0 0 0 0 0 0
9 0 0 0 0 0 0 0
0 9 0 0 0 0 0 0
0 9 0 0 0 0 0 0
0 9 0 0 0 0 0 0
0 1 9 0 0 0 0 0
0 0 9 0 0 0 0 0
0 0 9 0 0 0 0 0
0 0 1 9 0 0 0 0
0 0 0 9 0 0 0 0
0 0 0 9 0 0 0 0
0 0 0 1 9 0 0 0
0 0 1 0 9 0 0 0
0 0 1 0 9 0 0 0
0 0 1 0 0 9 0 0
0 0 0 0 0 9 0 0
0 0 0 0 0 9 0 0
0 0 0 0 0 1 9 0
0 0 0 0 0 0 9 0
0 0 0 0 0 0 9 0
0 0 0 0 0 0 1 9
0 0 0 0 0 0 0 9
0 0 0 0 0 1 0 1
0 0 0 0 0 1 0 1
0 0 0 0 0 1 0 9
0 0 0 0 0 0 1 9
0 0 0 0 0 0 9 0
0 0 0 0 0 0 9 0
0 0 0 0 0 1 9 0
0 0 0 0 0 9 0 0
0 0 0 0 0 9 0 0
0 0 0 0 0 9 0 0
0 0 0 0 9 0 0 0
0 0 0 0 9 0 0 0
0 0 0 1 9 0 0 0
0 0 0 9 0 0 0 0
0 0 0 9 0 0 0 0
0 0 1 9 0 0 0 0
0 0 9 0 0 0 0 0
0 0 9 0 0 0 0 0
0 1 9 0 0 0 0 0
0 9 0 0 0 0 0 0
0 9 0 0 0 0 0 0
0 9 1 0 0 0 0 0
9 0 0 0 0 0 0 0
9 0 0 0 0 0 0 0
9 0 0 1 0 0 0 0


seq46
loop=20

9 1 0 0 0 0 0 3
9 2 0 0 0 0 0 2
9 3 0 0 0 0 0 1
0 9 1 0 0 0 3 0
0 9 2 0 0 0 2 0
0 9 3 0 0 0 1 0
0 0 9 1 0 3 0 0
0 0 9 2 0 2 0 0
0 0 9 3 0 1 0 0
0 0 1 9 0 0 3 0
0 0 2 9 0 0 2 0
0 0 3 9 0 0 1 0
0 1 0 0 9 0 0 3
0 2 0 0 9 0 0 2
0 3 0 0 9 0 0 1
0 0 1 0 0 9 3 0
0 0 2 0 0 9 2 0
0 0 3 0 0 9 1 0
0 0 0 1 0 3 9 0
0 0 0 2 0 2 9 0
0 0 0 3 0 1 9 0
0 0 1 0 0 0 3 9
0 0 2 0 0 0 2 9
0 0 3 0 0 0 1 9
0 1 0 0 0 0 1 9
0 2 0 0 0 0 1 9
0 3 0 0 0 0 1 9
0 0 1 0 0 3 9 0
0 0 2 0 0 2 9 0
0 0 3 0 0 1 9 0
0 0 0 1 0 9 3 0
0 0 0 2 0 9 2 0
0 0 0 3 0 9 1 0
0 0 1 0 9 0 0 3
0 0 2 0 9 0 0 2
0 0 3 0 9 0 0 1
0 1 0 9 0 0 3 0
0 2 0 9 0 0 2 0
0 3 0 9 0 0 1 0
0 0 9 0 0 3 0 0
0 0 2 0 0 2 0 0
0 0 9 0 0 1 0 0
0 9 0 1 0 0 3 0
0 9 0 2 0 0 2 0
0 9 0 3 0 0 1 0
9 0 1 0 0 0 0 3
9 0 2 0 0 0 0 2
9 0 3 0 0 0 0 1


seq47
loop=4

9 0 0 0 0 0 0 0
9 0 0 0 0 0 0 0
9 0 0 0 0 0 0 0
0 9 0 0 0 0 0 0
0 9 0 0 0 0 0 0
0 9 0 0 0 0 0 0
0 0 9 0 0 0 0 0
0 0 9 0 0 0 0 0
0 0 9 0 0 0 0 0
0 0 0 9 0 0 0 0
0 0 0 9 0 0 0 0
0 0 0 9 0 0 0 0
0 0 0 0 9 0 0 0
0 0 0 0 9 0 0 0
0 0 0 0 9 0 0 0
0 0 0 0 0 9 0 0
0 0 0 0 0 9 0 0
0 0 0 0 0 9 0 0
0 0 0 0 0 0 9 0
0 0 0 0 0 0 9 0
0 0 0 0 0 0 9 0
0 0 0 0 0 0 0 9
0 0 0 0 0 0 0 9
0 0 0 0 0 0 0 9
0 0 0 0 0 0 0 9
0 0 0 0 0 0 0 9
0 0 0 0 0 0 0 9
0 0 0 0 0 0 9 0
0 0 0 0 0 0 9 0
0 0 0 0 0 0 9 0
0 0 0 0 0 9 0 0
0 0 0 0 0 9 0 0
0 0 0 0 0 9 0 0
0 0 0 0 9 0 0 0
0 0 0 0 9 0 0 0
0 0 0 0 9 0 0 0
0 0 0 9 0 0 0 0
0 0 0 9 0 0 0 0
0 0 0 9 0 0 0 0
0 0 9 0 0 0 0 0
0 0 9 0 0 0 0 0
0 0 9 0 0 0 0 0
0 9 0 0 0 0 0 0
0 9 0 0 0 0 0 0
0 9 0 0 0 0 0 0
9 0 0 0 0 0 0 0
9 0 0 0 0 0 0 0
9 0 0 0 0 0 0 0


seq48
loop=4

9 0 0 0 0 0 0 0
9 0 0 0 0 0 0 0
9 0 0 0 0 0 0 0
0 0 0 0 0 0 0 0
0 0 0 0 0 0 0 0
0 0 0 0 0 0 0 0
0 0 0 0 0 0 0 0
0 0 0 0 0 0 0 0
0 0 0 0 0 0 0 0
0 0 0 0 0 0 0 0
0 0 0 0 0 0 0 0
0 0 0 0 0 0 0 0
0 0 0 0 9 0 0 0
0 0 0 0 9 0 0 0
0 0 0 0 9 0 0 0
0 0 0 0 0 0 0 0
0 0 0 0 0 0 0 0
0 0 0 0 0 0 0 0
0 0 0 0 0 0 0 0
0 0 0 0 0 0 0 0
0 0 0 0 0 0 0 0
0 0 0 0 0 0 0 0
0 0 0 0 0 0 0 0
0 0 0 0 0 0 0 0
0 0 0 0 0 0 0 0
0 0 0 0 0 0 0 0
0 0 0 0 0 0 0 0
0 0 0 0 0 0 0 0
0 0 0 0 0 0 0 0
0 0 0 0 0 0 0 0
0 0 0 0 0 0 0 0
0 0 0 0 0 0 0 0
0 0 0 0 0 0 0 0
0 0 0 0 9 0 0 0
0 0 0 0 9 0 0 0
0 0 0 0 9 0 0 0
0 0 0 0 0 0 0 0
0 0 0 0 0 0 0 0
0 0 0 0 0 0 0 0
0 0 0 0 0 0 0 0
0 0 0 0 0 0 0 0
0 0 0 0 0 0 0 0
0 0 0 0 0 0 0 0
0 0 0 0 0 0 0 0
0 0 0 0 0 0 0 0
9 0 0 0 0 0 0 0
9 0 0 0 0 0 0 0
9 0 0 0 0 0 0 0


seq48.0
loop=12

9 0 0 0 0 0 0 0
9 0 0 0 0 0 0 0
9 0 0 0 0 0 0 0
0 0 0 0 0 0 0 0
0 0 0 0 0 0 0 0
0 0 0 0 0 0 0 0
0 0 0 0 0 0 0 0
0 0 0 0 0 0 0 0
0 0 0 0 0 0 0 0
0 0 0 0 0 0 0 0
0 0 0 0 0 0 0 0
0 0 0 0 0 0 0 0
0 0 0 0 9 0 0 0
0 0 0 0 9 0 0 0
0 0 0 0 9 0 0 0
0 0 0 0 0 0 0 0
0 0 0 0 0 0 0 0
0 0 0 0 0 0 0 0
0 0 0 0 0 0 0 0
0 0 0 0 0 0 0 0
0 0 0 0 0 0 0 0
0 0 0 5 0 0 0 5
0 0 0 5 0 0 0 5
0 0 0 5 0 0 0 5
0 0 0 5 0 0 0 5
0 0 0 5 0 0 0 5
0 0 0 5 0 0 0 5
0 0 0 0 0 0 0 0
0 0 0 0 0 0 0 0
0 0 0 0 0 0 0 0
0 0 0 0 0 0 0 0
0 0 0 0 0 0 0 0
0 0 0 0 0 0 0 0
0 0 0 0 9 0 0 0
0 0 0 0 9 0 0 0
0 0 0 0 9 0 0 0
0 0 0 0 0 0 0 0
0 0 0 0 0 0 0 0
0 0 0 0 0 0 0 0
0 0 0 0 0 0 0 0
0 0 0 0 0 0 0 0
0 0 0 0 0 0 0 0
0 0 0 0 0 0 0 0
0 0 0 0 0 0 0 0
0 0 0 0 0 0 0 0
9 0 0 0 0 0 0 0
9 0 0 0 0 0 0 0
9 0 0 0 0 0 0 0



seq48.1
loop=13

9 0 0 0 0 0 0 0
9 0 0 0 0 0 0 0
9 5 0 0 0 0 0 0
0 9 0 0 0 0 0 0
0 9 0 0 0 0 0 0
0 9 5 0 0 0 0 0
0 1 9 0 0 0 0 0
0 0 9 0 0 0 0 0
0 0 9 5 0 0 0 0
0 0 1 9 0 0 0 0
0 0 0 9 0 0 0 0
0 0 0 9 0 0 0 0
0 0 0 1 9 0 0 0
0 0 0 0 9 0 0 0
0 0 0 0 9 5 0 0
0 0 0 0 0 9 0 0
0 0 0 0 0 9 0 0
0 0 0 0 0 9 5 0
0 0 0 0 0 1 9 0
0 0 0 0 0 0 9 0
0 0 0 0 0 0 9 5
0 0 0 0 0 0 1 9
0 0 0 0 0 0 0 9
0 0 0 0 0 0 0 1
0 0 0 0 0 0 0 1
0 0 0 0 0 0 0 9
0 0 0 0 0 0 1 9
0 0 0 0 0 0 9 0
0 0 0 0 0 0 9 0
0 0 0 0 0 1 9 0
0 0 0 0 0 9 5 0
0 0 0 0 0 9 0 0
0 0 0 0 0 9 0 0
0 0 0 0 9 5 0 0
0 0 0 0 9 0 0 0
0 0 0 1 9 0 0 0
0 0 0 9 0 0 0 0
0 0 0 9 0 0 0 0
0 0 1 9 0 0 0 0
0 0 9 5 0 0 0 0
0 0 9 0 0 0 0 0
0 1 9 0 0 0 0 0
0 9 5 0 0 0 0 0
0 9 0 0 0 0 0 0
0 9 0 0 0 0 0 0
9 5 0 0 0 0 0 0
9 0 0 0 0 0 0 0
9 0 0 0 0 0 0 0


seq49
loop=1

0 0 0 0 0 0 0 0
0 0 0 0 0 0 0 0
0 5 0 0 0 0 0 0
0 9 0 0 0 0 0 0
0 9 0 0 0 0 0 0
0 9 5 0 0 0 0 0
0 1 9 0 0 0 0 0
0 0 9 0 0 0 0 0
0 0 9 5 0 0 0 0
0 0 1 9 0 0 0 0
0 0 0 9 0 0 0 0
0 0 0 9 0 0 0 0
0 0 0 1 0 0 0 0
0 0 0 0 0 0 0 0
0 0 0 0 0 5 0 0
0 0 0 0 0 9 0 0
0 0 0 0 0 9 0 0
0 0 0 0 0 9 5 0
0 0 0 0 0 1 9 0
0 0 0 0 0 0 9 0
0 0 0 0 0 0 9 5
0 0 0 0 0 0 1 9
0 0 0 0 0 0 0 9
0 0 0 0 0 0 0 1
0 0 0 0 0 0 0 1
0 0 0 0 0 0 0 9
0 0 0 0 0 0 1 9
0 0 0 0 0 0 9 0
0 0 0 0 0 0 9 0
0 0 0 0 0 1 9 0
0 0 0 0 0 9 5 0
0 0 0 0 0 9 0 0
0 0 0 0 0 9 0 0
0 0 0 0 0 5 0 0
0 0 0 0 0 0 0 0
0 0 0 1 0 0 0 0
0 0 0 9 0 0 0 0
0 0 0 9 0 0 0 0
0 0 1 9 0 0 0 0
0 0 9 5 0 0 0 0
0 0 9 0 0 0 0 0
0 1 9 0 0 0 0 0
0 9 5 0 0 0 0 0
0 9 0 0 0 0 0 0
0 9 0 0 0 0 0 0
0 5 0 0 0 0 0 0
0 0 0 0 0 0 0 0
0 0 0 0 0 0 0 0


seq50
loop=1

9 9 9 9 9 9 9 9
9 9 9 9 9 9 9 9
9 9 9 9 9 9 9 9
9 9 9 9 9 9 9 9
9 9 9 9 9 9 9 9
9 9 9 9 9 9 9 9
9 9 9 9 9 9 9 9
9 9 9 9 9 9 9 9
9 9 9 9 9 9 9 9
9 9 9 9 9 9 9 9
9 9 9 9 9 9 9 9
9 9 9 9 9 9 9 9
9 9 9 9 9 9 9 9
9 9 9 9 9 9 9 9
9 9 9 9 9 9 9 9
9 9 9 9 9 9 9 9
9 9 9 9 9 9 9 9
9 9 9 9 9 9 9 9
9 9 9 9 9 9 9 9
9 9 9 9 9 9 9 9
9 9 9 9 9 9 9 9
9 9 9 9 9 9 9 9
9 9 9 9 9 9 9 9
9 9 9 9 9 9 9 9
9 9 9 9 9 9 9 9
9 9 9 9 9 9 9 9
9 9 9 9 9 9 9 9
9 9 9 9 9 9 9 9
9 9 9 9 9 9 9 9
9 9 9 9 9 9 9 9
9 9 9 9 9 9 9 9
9 9 9 9 9 9 9 9
9 9 9 9 9 9 9 9
9 9 9 9 9 9 9 9
9 9 9 9 9 9 9 9
9 9 9 9 9 9 9 9
9 9 9 9 9 9 9 9
9 9 9 9 9 9 9 9
9 9 9 9 9 9 9 9
9 9 9 9 9 9 9 9
9 9 9 9 9 9 9 9
9 9 9 9 9 9 9 9
9 9 9 9 9 9 9 9
9 9 9 9 9 9 9 9
9 9 9 9 9 9 9 9
9 9 9 9 9 9 9 9
9 9 9 9 9 9 9 9
9 9 9 9 9 9 9 9
